|   id   |      a       |      b       |      c       |
        0   -7.99737e-04   -4.80407e-05   -7.23990e+01
        1   -3.12702e-04   -8.23075e-04    2.13152e+01
        2   -5.72810e-04   -6.64124e-04   -8.29970e+01
        3   -6.33023e-04    6.18457e-04    6.42545e+01
        4    4.69941e-06   -1.14855e-04   -9.48936e+01
        5   -1.73247e-03   -2.69910e-04   -7.99325e+01
        6   -6.74252e-04   -8.28207e-04   -1.08824e+02
        7    1.00221e-04    1.02048e-04    3.40509e+01
        8    1.69986e-04   -5.29330e-04   -3.51424e+01
        9   -3.03876e-04    1.98875e-04    5.53595e+01
       10    3.99930e-05   -3.95704e-04    6.22382e+01
       11    7.74075e-04    8.81678e-05    3.02649e+01
       12   -3.37132e-03    4.39881e-04   -6.57524e+01
       13   -1.90418e-04    3.96162e-04    1.83672e+01
       14   -2.48870e-04    5.41798e-04   -2.53701e+01
       15   -3.74061e-04   -2.97567e-04   -8.37686e+01
       16    7.10094e-04    1.07173e-03   -3.32824e+01
       17   -6.28514e-04    6.01851e-04    5.67219e+01
       18   -2.83971e-04   -1.16478e-03    1.08952e+01
       19   -1.19151e-03    2.56088e-03    1.11589e+01
       20    6.31835e-04   -5.88358e-05    3.62788e+01
       21    9.92734e-04    6.41062e-04   -8.87869e+01
       22    7.01420e-04   -8.43126e-04    1.18148e+01
       23   -4.82015e-04   -8.94753e-04   -1.07316e+02
       24   -9.20443e-04   -1.48801e-05   -8.42407e+01
       25    2.08084e-03    1.56853e-03   -7.21868e+01
       26    4.91991e-03   -1.79694e-04    2.05682e+01
       27   -8.91667e-04   -1.08962e-03   -1.08517e+02
       28    3.29513e-04    2.84352e-04   -7.81762e+01
       29    2.62446e-04    1.73468e-04   -5.78647e+01
       30    2.69862e-03   -2.72199e-04   -7.03853e+01
       31    6.52715e-04    2.24113e-04    5.25099e+01
       32    1.16512e-03    4.12120e-04   -9.46735e+01
       33    2.23332e-03    1.33613e-03   -6.56668e+01
       34   -9.17672e-05    4.26219e-04    1.82158e+01
       35   -1.37838e-03   -1.31483e-03   -9.80786e+01
       36   -3.93030e-04    5.57662e-05   -9.61434e+01
       37    1.60663e-05   -1.93920e-04    5.30833e+01
       38   -2.80972e-03    1.83518e-03    6.84114e+01
       39   -8.63501e-05   -2.04198e-04   -1.42398e+01
       40   -5.93019e-04    5.31571e-04   -4.23092e+01
       41   -3.65972e-04   -1.00786e-03    5.06316e+01
       42   -1.97294e-04    2.38060e-04    2.20409e+01
       43   -6.45184e-05    1.36347e-03   -9.11097e+01
       44   -7.24880e-04   -7.27199e-04   -8.28438e+01
       45    1.08284e-03    1.01422e-03   -5.77894e+01
       46   -3.50129e-04   -1.15003e-03   -1.86658e+01
       47    1.42784e-03    1.52296e-04    5.97764e+01
       48   -1.24872e-04   -2.69811e-04    3.15638e+01
       49    1.42926e-03   -2.75908e-04   -7.07365e+01
       50    1.62953e-03    1.07924e-03   -9.17498e+01
       51   -6.08252e-04   -6.74285e-04   -1.06879e+02
       52   -8.93836e-04   -1.97521e-04    5.21338e+01
       53   -7.13950e-04    1.99449e-05   -8.56844e+01
       54   -1.74428e-04   -6.56654e-04   -8.47302e+01
       55   -1.17164e-04    8.25470e-05   -9.44577e+01
       56   -9.00385e-04    9.41338e-04    7.53138e+01
       57   -6.30601e-04   -6.21447e-04   -8.65024e+01
       58    4.04773e-04    3.51956e-04   -8.79722e+01
       59    9.49154e-04   -4.72656e-04    5.28198e+01
       60   -1.87623e-04    5.26199e-04    4.82485e+01
       61    2.06816e-03    8.23102e-04   -9.23029e+01
       62   -8.21367e-05   -3.74895e-04    3.82322e+01
       63   -3.58097e-04   -7.86930e-04   -8.41176e+01
       64   -1.56103e-04    5.12472e-04    1.55048e+01
       65    1.48299e-03   -2.59999e-04    2.65331e+01
       66   -1.15276e-03   -2.33263e-04    2.57500e+01
       67   -5.84037e-04    5.92737e-04    6.27519e+01
       68   -2.01059e-04   -2.95322e-04   -8.49752e+01
       69   -8.12054e-04    1.26062e-03    6.72384e+01
       70    5.83684e-04    3.08737e-04   -8.53415e+01
       71   -7.25604e-04    6.85256e-04    5.97705e+01
       72    5.12192e-04    2.14609e-04   -8.37959e+01
       73   -3.45517e-04    2.05172e-04    5.63610e+01
       74   -1.90438e-03   -8.22364e-05   -7.13202e+01
       75    6.08443e-04   -1.47883e-03   -3.61257e+01
       76   -9.83191e-04    4.31423e-06    2.69138e+01
       77   -2.56955e-03    2.48448e-03    2.16152e+01
       78    1.45808e-04    9.98098e-05    5.96099e+01
       79   -2.32696e-05   -5.54744e-05    5.64349e+01
       80   -6.99256e-04    1.19605e-03    2.15781e+01
       81    2.36027e-03    2.41126e-04    5.71034e+01
       82    6.11043e-04   -3.95949e-04   -6.13122e+01
       83    1.04637e-04   -2.14572e-04    4.56274e+01
       84   -8.04449e-04    1.37678e-03    4.08714e+00
       85    3.65464e-04    1.65174e-03   -1.02463e+02
       86   -1.26632e-03   -2.04209e-04   -6.78144e+01
       87   -4.63934e-04   -9.90426e-04   -9.44370e+01
       88    4.80419e-03   -2.34170e-04    5.02850e+01
       89   -4.33433e-04   -1.67780e-03    9.77451e+00
       90   -1.63072e-03    1.97131e-03   -1.15043e+01
       91   -8.27025e-04    6.06583e-04    1.94385e+01
       92    7.01382e-04    3.36730e-04   -7.98166e+01
       93    1.07747e-03    2.17633e-04    5.54025e+01
       94   -1.53299e-04   -1.52151e-04   -6.71242e+01
       95    4.91136e-04   -3.13054e-04   -5.96429e+01
       96    1.93750e-03   -3.71364e-04    5.22138e+01
       97    3.76110e-04    3.36956e-05   -3.98304e+01
       98    5.00849e-03   -2.58125e-04    2.21288e+01
       99   -2.59784e-04    4.03570e-04    5.11084e+01
      100    3.55491e-04    1.53503e-04   -9.69728e+01
      101   -4.26060e-04   -2.18743e-04    5.75563e+01
      102    3.01963e-04    7.16999e-05   -6.57207e+01
      103   -8.92038e-04   -5.73492e-04    2.82274e+01
      104   -4.78031e-04    5.04549e-04    2.26527e+01
      105   -1.51830e-03   -6.90207e-04    3.11968e+01
      106   -9.03217e-04   -1.42243e-03   -5.99667e+01
      107   -3.82573e-04    3.96046e-04    6.32149e+01
      108   -4.76388e-04    5.61569e-04   -8.93261e+01
      109   -1.83988e-04   -2.30674e-04   -9.47020e+01
      110   -4.33459e-04    1.13941e-04    7.27853e+01
      111   -4.70209e-04   -1.77757e-04    5.26821e+01
      112    1.25047e-04    1.97793e-04   -4.10727e+01
      113   -1.27739e-03    8.46644e-04   -4.45663e+01
      114    2.17196e-04    4.02874e-04    5.35859e+01
      115   -1.17823e-03    1.29160e-03   -2.44537e+01
      116   -6.16435e-04    6.02511e-04    5.26141e+01
      117   -1.12164e-03   -2.64873e-05   -8.80328e+01
      118   -6.18501e-04    7.71894e-04   -1.04928e+02
      119    4.98968e-04   -4.08076e-04   -5.75510e+01
      120   -2.79936e-03    1.62113e-03    7.06392e+01
      121    5.97520e-04    2.39464e-04   -9.47693e+01
      122    8.23354e-04   -7.81866e-04   -5.67363e+01
      123   -6.32588e-04   -5.19197e-04    5.12631e+01
      124    1.45301e-03    7.05139e-04    5.56088e+01
      125   -7.01985e-04    1.37091e-04    5.35367e+01
      126    3.41627e-03   -2.97453e-04    5.05863e+01
      127    3.51513e-04   -1.15012e-03    5.66319e+01
      128   -4.76505e-04   -1.09835e-03   -1.06046e+02
      129   -4.08504e-04   -1.22128e-03   -1.02152e+02
      130   -5.51864e-04   -2.06817e-03   -1.05758e+02
      131   -7.86384e-04    6.39375e-04   -8.03402e+01
      132   -7.48161e-04    9.40811e-04    1.45324e+01
      133   -9.92648e-04   -4.53495e-05   -7.32471e+01
      134    2.41137e-03    3.69474e-04    4.04423e+01
      135   -6.12960e-05   -1.06580e-04   -9.87476e+01
      136   -4.82165e-04    2.42485e-04   -9.89608e+01
      137    3.37415e-04    3.66443e-04    1.76293e+01
      138   -2.48268e-04   -1.98220e-04   -8.44612e+01
      139    8.00540e-04    2.29400e-04    4.77295e+01
      140   -2.74693e-04   -3.94898e-04    7.77993e+01
      141   -9.43421e-06   -2.51140e-04   -3.38456e+01
      142   -1.97898e-03    1.87326e-03    5.15853e+01
      143    1.82546e-03    9.15216e-04    3.05039e+01
      144   -2.84495e-04    1.96722e-04   -6.36089e+01
      145    1.65605e-03   -1.62961e-05    5.26817e+01
      146   -4.32508e-04   -1.34694e-03   -8.15818e+01
      147   -1.86626e-04    6.92074e-04   -2.31445e+01
      149    4.97165e-03   -1.76308e-04    5.00581e+01
      150    2.50115e-04   -5.76505e-05    5.26487e+01
      151    1.91365e-03    1.38428e-03   -5.96478e+01
      152   -3.12614e-04   -8.02089e-04   -6.10716e+01
      153    5.23090e-04    1.14768e-04    1.40632e+01
      154   -1.22601e-04   -4.57796e-04   -2.18999e+01
      155   -1.01485e-03   -6.24525e-04    5.18653e+01
      156    7.45868e-04   -1.42096e-06    4.96647e+01
      157    4.02448e-05   -2.46188e-04    5.10223e+01
      158   -2.12002e-04    2.74916e-04   -3.85790e+01
      159   -3.75614e-04   -8.22005e-04    5.09429e+01
      160    1.59083e-04   -1.21254e-04    7.76803e+01
      161   -1.82159e-03    1.80308e-03   -7.81085e+00
      162   -2.93216e-05    1.60628e-04   -8.80960e+01
      163   -4.33661e-04    5.60676e-04    5.19078e+01
      164    8.67369e-04    2.77898e-04    4.64669e+01
      165   -1.32029e-03    1.22843e-03    7.68853e+01
      166   -3.88914e-04   -1.01164e-04    5.64302e+01
      167   -3.01464e-04   -8.65066e-04    4.47886e+01
      168    6.62253e-05   -8.27109e-05    3.10576e+01
      169   -4.34602e-04    5.44733e-05    5.72840e+01
      170   -1.30647e-04    2.47105e-04   -5.52699e+01
      171   -4.28254e-04    1.01367e-03    3.21494e+00
      172    1.96725e-03   -1.20350e-06    2.42429e+01
      173   -1.71243e-04   -6.43233e-04   -1.65875e+01
      174   -1.42813e-03    9.74231e-04   -8.09049e+01
      175   -6.32819e-04    8.22038e-04   -8.68579e+01
      176   -8.32920e-04   -1.23756e-03   -1.07724e+02
      177   -1.39986e-03   -4.94583e-04    3.44965e+01
      178   -7.12660e-04    1.12104e-03   -9.55297e+01
      179   -5.37777e-04    5.25620e-04   -3.97172e+01
      180    1.62500e-04   -1.64477e-04    3.41907e+01
      181   -2.69906e-04   -8.21172e-04    5.97236e+00
      182    1.25200e-04   -2.75844e-04    1.14288e+01
      183   -2.07529e-03   -8.66227e-04    5.63720e+01
      184   -5.74620e-05    1.37483e-04   -5.67795e+01
      185    5.64685e-04    2.20615e-04   -8.11840e+01
      186    4.59644e-04    3.32318e-04    1.64025e+01
      187   -8.15232e-04    7.67625e-04    7.70314e+01
      188   -4.32176e-05    2.39358e-04    5.92233e+01
      189   -1.85604e-04    4.44255e-04   -8.75588e+01
      190   -1.55220e-04   -3.31304e-04    4.61644e+01
      191    4.87896e-04   -9.30365e-04   -3.65165e+01
      192   -1.29969e-03    1.33751e-03   -1.11368e+00
      193   -3.10098e-04    3.83426e-04   -9.32353e+01
      194    2.84651e-04   -1.46052e-04   -6.56256e+01
      195   -4.33476e-04   -1.00828e-04   -1.06724e+02
      196   -1.15362e-03   -9.86455e-04   -1.07743e+02
      197   -1.35781e-03    1.38092e-03    5.45767e+01
      198   -4.98930e-04   -1.88282e-03    2.09375e+01
      199   -2.37642e-04   -7.81686e-04    8.00171e+01
      200    2.27382e-03   -2.44997e-04   -7.13268e+01
      201   -2.16170e-04   -7.76495e-04   -8.06619e+01
      202   -4.81031e-04   -7.35530e-04    5.62200e+01
      203   -3.71655e-05   -1.29144e-04   -2.34664e+01
      204   -7.20080e-04   -9.38693e-04   -1.05642e+02
      205   -2.24692e-03    2.19069e-03   -7.33913e+00
      206    8.63953e-04   -9.32720e-05   -5.56213e+01
      207   -1.89934e-04   -5.68693e-04   -7.53195e+01
      208   -5.54334e-04   -9.59321e-04   -1.03788e+02
      209   -3.08314e-04    1.24149e-04   -8.78524e+01
      210   -1.04985e-04   -4.66842e-04   -8.16766e+01
      211   -9.97048e-04   -2.00069e-04    2.51738e+01
      212    2.17055e-04   -3.74377e-04    4.36806e-01
      213   -2.14940e-04   -7.81867e-04   -6.32535e+01
      214   -9.84177e-05   -4.35834e-04    7.80645e+01
      215   -5.15040e-04    3.91960e-04    6.07810e+01
      216   -1.68613e-03    1.57251e-03    6.51739e+01
      217    3.46794e-03   -3.14105e-04    2.31386e+01
