|   id   |      a       |      b       |      c       |
        0    6.35660e-04    4.13292e-04    1.92839e-01
        1   -3.15565e-04   -3.54828e-04   -2.39662e+01
        2   -3.22848e-04    1.40698e-04    2.48063e+01
        3    2.97881e-04   -1.71327e-04   -1.33803e+01
        4   -9.77830e-04    3.28346e-03    1.29118e+01
        5   -3.48496e-03   -3.95497e-04    1.37163e+01
        6    1.28837e-04    9.37815e-05   -3.53164e+01
        7    7.31862e-04   -4.86058e-04   -6.73518e+00
        8    9.26511e-04   -4.84273e-04    3.18524e+00
        9    3.25495e-04    3.67569e-04    1.71471e+01
       10   -1.95551e-04   -5.94712e-04   -3.54137e+01
       11    1.99652e-03   -3.30926e-04    1.87887e+00
       12    2.54974e-04   -5.21846e-04    2.35047e+01
       13    3.01352e-04    4.78610e-05    4.54607e+00
       14    6.07896e-05   -3.09903e-05   -2.85998e+01
       15   -2.99979e-04   -1.80088e-04   -2.54808e+01
       16   -1.64573e-04   -6.67998e-04   -3.34997e+01
       17   -4.10474e-04   -2.75155e-04    2.99639e+01
       18   -7.36165e-04    3.21164e-04    2.94490e+01
       19    4.27778e-04   -1.37061e-04   -1.82417e+01
       20    6.52706e-05   -2.76993e-06   -4.67621e-01
       21   -6.56418e-04    9.23059e-05   -1.80907e+01
       22    6.63851e-04   -3.97049e-04   -1.55194e+01
       23   -2.77348e-04    1.36964e-04    1.99735e+01
       24   -1.94732e-04   -9.62434e-04   -2.45210e+01
       25    7.20466e-04   -8.21766e-04    2.32399e+01
       26    2.36833e-03   -2.88275e-03    1.61879e+01
       27    4.09733e-04   -5.81518e-04    2.21884e+01
       28   -1.60992e-04    2.71645e-05   -2.46374e+01
       29   -2.22412e-03   -1.23765e-04    1.21788e+01
       30    1.41210e-03   -2.35954e-04   -1.91790e+01
       31    7.66765e-04    2.17799e-04   -1.60470e+01
       32   -5.29043e-04    9.54538e-05   -1.69384e+01
       33    1.15624e-03   -1.29736e-03   -5.34346e+00
       34    6.99633e-04   -4.24790e-04   -1.36627e+01
       35    2.33395e-04    9.44664e-04   -3.39949e+01
       36   -3.13404e-04    4.80171e-04    2.48258e+01
       37   -6.94082e-04    4.32078e-04    1.86147e+01
       38    1.13771e-03    6.59194e-04   -2.94977e+01
       39    1.36696e-03    1.55104e-03   -1.25300e+01
       40    1.54795e-04    1.12820e-03   -2.82338e+01
       41    1.07024e-04   -6.24964e-04   -2.46181e+01
       42    1.86091e-03   -2.71514e-04    1.80456e+00
       43    9.13607e-05   -6.81267e-05    2.60123e+00
       44   -3.12143e-03   -3.60819e-04    4.78222e+00
       45   -5.57332e-04    4.97172e-05    7.99664e+00
       46    1.40807e-03    6.22141e-04    2.96010e+00
       47    8.58751e-04   -6.31650e-04    4.43322e+00
       48   -2.23020e-03   -4.71761e-05   -2.04806e+01
       49   -5.74201e-04   -2.10174e-04   -8.64976e-01
       50    3.65074e-04    3.69539e-04   -2.65216e+01
       51    1.53338e-03   -4.00474e-04    2.36767e+00
       52   -9.96328e-04   -3.29475e-04    1.87888e+01
       53   -8.89038e-04    5.69898e-04    2.91353e+01
       54    1.47200e-04    7.50021e-04   -1.44129e+01
       55   -3.80543e-04   -3.03101e-04   -2.39292e+01
       56    1.50944e-03   -1.77914e-03    2.08526e+01
       57    1.12460e-03   -8.80774e-04    6.15863e+00
       58    2.21434e-04    4.48316e-04    1.10076e+01
       59    6.64320e-04   -5.22015e-04   -6.50603e+00
       60   -1.99251e-03    9.74786e-06   -1.97426e+01
       61    3.25314e-04    1.21073e-03   -1.36521e+01
       62    1.04019e-04   -6.73620e-04    1.61069e+01
       63    2.09672e-04   -1.41713e-05    3.43332e+00
       64   -4.33023e-05   -3.16612e-04    2.75626e+01
       65    5.64412e-06    9.96945e-05   -2.44278e+01
       66   -1.52640e-04   -1.31336e-04   -3.50185e+01
       67   -1.96738e-04   -4.62976e-04    1.41317e-01
       68    4.31387e-04   -1.61327e-05    4.33675e+00
       69   -9.23907e-04    2.11879e-04    2.68144e+01
       70    6.73699e-05   -2.52052e-04   -2.93728e+01
       71   -2.02441e-04    8.18510e-05   -9.10167e+00
       72    5.32371e-04   -1.06345e-03    2.09565e+01
       73   -2.68978e-04   -5.69465e-04    2.39664e+01
       74   -1.81581e-04    2.33213e-05    2.79286e+01
       75    9.48001e-04    7.36240e-04   -2.70547e+01
       76    1.63895e-03   -2.62014e-04    1.04784e+01
       77    1.13399e-05    9.79809e-04    1.02631e+01
       78   -1.94564e-04   -4.45946e-04   -3.02137e+01
       79    1.35474e-03    5.93291e-04    1.61223e+01
       80   -1.35496e-03    1.28089e-04    6.45063e+00
       81   -1.01093e-03   -8.26569e-04   -3.15165e+01
       82    9.18585e-04   -8.77889e-04   -4.54101e-01
       83   -8.72758e-05   -1.76257e-04   -3.26960e+01
       84    2.00091e-04   -1.83230e-03    9.42878e+00
       85    8.17646e-04    7.89473e-04   -2.91245e+01
       86    8.44973e-04    4.72275e-04   -3.05602e+01
       87    1.06440e-03   -5.28985e-04    6.52073e+00
       88    1.56854e-03   -4.13217e-04    1.16729e+01
       89   -2.68073e-04   -2.17599e-04   -3.02818e+01
       90   -4.17693e-04   -8.45349e-04   -3.42473e+01
       91   -2.20076e-03    2.04066e-04   -1.88657e+01
       92    8.87058e-04    3.31947e-04    1.93179e+01
       93   -2.26952e-04   -4.42601e-04   -3.59779e+01
       94    1.53981e-03   -1.59456e-03    8.29994e+00
       95   -5.69105e-04    2.61161e-04   -2.25192e+01
       96    1.19478e-04    2.84076e-05    2.18616e+01
       97    9.41759e-04    6.69308e-04   -2.98091e-01
       98   -8.00328e-05    1.99773e-04   -2.81289e+01
      100   -1.73635e-04   -5.09789e-06   -2.58996e+01
      101   -1.32324e-04   -1.25701e-04    3.00102e+01
      102   -2.51605e-03   -1.40274e-04    3.98012e+00
      103    5.33466e-05    2.18702e-04   -2.68273e+01
      104    8.24693e-04   -7.26220e-04    2.23008e+01
      105    4.56126e-04   -1.14369e-04   -1.63346e+00
      106   -4.98719e-04    5.46042e-04   -2.58554e+01
      107   -7.93936e-04    2.48230e-04    2.57695e+01
      108   -1.42868e-03    4.95760e-04   -1.47511e+01
      109   -6.18608e-06   -5.84197e-04    1.59999e+01
      110    6.23663e-04   -4.14192e-04    6.09634e+00
      111   -9.68503e-04    9.18576e-05    7.61679e+00
      112    8.11886e-05   -5.57006e-05    3.01719e+01
      113   -3.51264e-04   -1.03198e-04    2.06240e+01
      114   -5.87296e-04   -4.75637e-04   -3.59441e+01
      115    9.96256e-04   -7.83549e-04    2.19898e+01
      116   -2.68441e-06   -2.29520e-04    3.34388e-01
      117   -2.98314e-06   -3.23860e-04   -3.52082e+01
      118    4.49682e-04    3.30659e-04    2.79169e+01
      119    2.20365e-04    1.88428e-04   -3.06792e+01
      120   -1.89234e-03   -5.04609e-04    3.40492e+00
      121    8.77837e-05   -9.41924e-05    8.09432e+00
      122    6.80916e-04    1.08016e-03   -2.54121e+00
      123    8.51890e-04   -9.45041e-04    5.47489e+00
      124   -3.36249e-05    3.57169e-04   -2.66164e+01
      125    7.37772e-06   -9.06931e-05    2.38822e+01
      126   -4.36393e-03   -3.19733e-04    3.84684e+00
      127   -5.88346e-04    2.43578e-04   -2.15189e+01
      128    2.29291e-04    2.96372e-04   -3.21866e+00
      129    4.29925e-05    2.57410e-04   -3.03588e+01
      130    4.71196e-04   -6.90504e-05   -4.38928e+00
      131   -2.27066e-04    1.83112e-04    2.06771e+01
      132    1.81331e-03    4.89200e-04    4.69945e+00
      133    2.07074e-03   -2.15491e-03    7.96220e+00
      134    1.78864e-03    1.54107e-03   -3.14634e+01
      135   -1.57173e-03    9.04999e-06   -2.60780e+01
      136   -1.58398e-04    1.63370e-05    2.25946e+01
      137    4.26521e-04   -4.93545e-04    5.91234e+00
      138   -4.19578e-04   -5.37834e-04   -3.50131e+01
      139    1.95833e-04    1.11061e-03    2.87429e-01
      140    1.02416e-03   -7.29980e-04    5.53513e+00
      141    3.01251e-05   -2.34787e-04    2.86830e+01
      142    5.85992e-04    4.50425e-04    4.73778e+00
      143    6.60117e-04   -8.17893e-04    2.33688e+01
      144    5.51439e-05    2.13383e-04   -3.01860e+01
      145    1.59035e-03   -2.44172e-04   -1.86766e+01
      146   -2.91907e-04    1.70062e-04    1.95404e+01
      147   -5.86097e-04   -7.92697e-04   -2.80448e+01
      148    1.24474e-05   -2.63829e-04    3.09705e+01
      149    1.72093e-03    1.48579e-03   -2.83118e+01
      150    6.06092e-04    5.00564e-04    2.39908e-02
      151   -1.26657e-03    1.69409e-04    5.65419e+00
      152   -2.98506e-04    1.63286e-04    2.00597e+01
      153    8.47483e-04   -1.33277e-03   -3.93262e+00
      154   -2.16905e-04   -7.96505e-04   -3.53292e+01
      155    5.98648e-04   -4.02480e-04    3.80460e+00
      156    6.08342e-04   -5.86727e-04   -1.32868e+01
      157   -5.49949e-04   -3.36639e-05    5.94223e+00
      158    7.40605e-04    5.27590e-04    2.78664e+01
      159    1.76941e-03    1.10452e-03    1.65944e+01
      160   -4.82534e-04    6.41070e-04    8.12142e+00
      161    4.08916e-04   -2.33035e-04   -7.78514e+00
      162   -3.23231e-04   -3.07123e-04   -3.57862e+01
      163   -1.92773e-03   -2.90576e-05   -2.70613e+01
      164   -4.49718e-03   -3.24391e-04    1.26730e+01
      165   -2.45893e-04    3.99272e-04   -2.66508e+01
      166   -5.22031e-04   -6.16581e-04   -3.67716e+01
      167   -6.28893e-04    2.67187e-03    1.62769e+01
      168    9.68128e-04   -4.91403e-04   -8.15648e+00
      169    5.78433e-04    8.55573e-04   -3.36646e+01
      170    2.94320e-03   -3.81327e-03    8.34114e+00
      171    9.53192e-04    5.91227e-04    2.80882e+01
      172   -8.15520e-04    1.61615e-04    5.72994e+00
      173    7.49385e-04   -1.07677e-03    2.12572e+01
      174   -1.67178e-04    1.26230e-04   -3.13534e+01
      175   -4.19924e-05   -4.33777e-04   -3.12914e+01
      176    1.76764e-03    1.11832e-03    3.55686e+00
      177    7.72857e-04   -5.81882e-04    1.59427e+01
      178    8.23786e-04   -3.56280e-04   -1.34480e+01
      179   -8.47328e-04   -2.66384e-04   -8.20945e-01
      180    1.98042e-03    6.13423e-04    9.13164e+00
      181   -6.30126e-04    7.71676e-04    6.88998e+00
      182   -5.50951e-04   -8.41456e-04   -3.62175e+01
      183    1.15986e-03   -4.36346e-04    3.64531e+00
      184   -2.21984e-05   -1.45963e-04   -3.55704e+01
      185   -1.77093e-03   -4.90160e-05    6.46119e+00
      186   -2.11174e-04    4.67470e-04   -1.23200e+00
      187    1.27350e-04    1.11031e-04   -1.30094e+01
      188    1.88182e-04    1.91349e-04   -3.44829e+01
      189   -2.17840e-03   -1.41493e-04    1.56396e+01
      190   -3.42482e-04    6.86265e-04   -3.07574e+01
      191   -1.74209e-04    4.02734e-04    6.01600e+00
      192   -2.91823e-03    3.74652e-04   -1.43526e+01
      193   -1.91026e-03   -5.05616e-04    1.69354e+01
      194   -1.57127e-03    1.68518e-04    7.59580e+00
      195    1.29521e-03   -4.57798e-04    1.35735e+01
      196    5.47671e-04    4.75388e-04   -2.51608e+01
      197   -1.84404e-04   -5.80485e-06   -3.57619e+01
      198    1.55348e-04    9.52370e-05   -3.56853e+01
      199    1.19515e-03   -9.84254e-04   -1.35023e+01
      200    6.90889e-05    1.10957e-04   -3.06323e+01
      201   -1.03882e-03    4.94664e-04   -2.24315e+01
      202   -1.08033e-04   -2.67074e-04    2.08180e+01
      203   -1.29346e-03    5.93928e-05   -2.51711e+01
      204    1.50214e-04    8.21536e-05    8.11080e+00
      205    4.43746e-05   -6.74208e-04   -2.51652e+01
      206    2.82495e-03    8.04081e-04    2.42703e+01
      207   -5.67920e-04   -1.78527e-04   -3.20776e+01
      208   -3.31533e-04   -3.90794e-04   -3.68133e+01
      209    2.82843e-03    1.84588e-03   -1.31441e+01
      210    1.09692e-03   -5.85832e-04   -7.60061e+00
      211    5.67923e-04    4.34150e-04   -2.45955e+01
      212    2.66566e-04    4.37009e-04    1.18193e+00
      213   -1.06475e-03    4.04730e-03    8.89317e+00
      214    1.00440e-04    6.32950e-05    1.62696e+01
      215    1.67822e-05    5.96934e-06    4.06978e+00
      216    2.19487e-03   -3.53071e-04    1.12089e+01
      217   -3.14219e-04    3.57902e-04    2.07532e+01
