|   id   |      a       |      b       |      c       |
        0    7.34876e-03   -9.08749e-03   -1.81934e+01
        1    1.70818e-03   -1.84993e-03   -1.87531e+01
        2    1.61906e-04    1.25388e-03   -1.94391e+01
        3   -7.34476e-04    6.22182e-03   -2.19558e+01
        4    5.07915e-03   -6.65452e-03    2.09023e+01
        5    5.72779e-03   -7.25499e-03    2.00946e+01
        6   -8.11633e-04    7.59250e-03    1.71431e+01
        7   -9.92752e-04    4.45473e-03   -2.54271e+01
        8    5.59097e-04    9.45069e-05    1.81886e+01
        9    1.04677e-03   -7.69886e-04    1.87063e+01
