|   id   |      a       |      b       |      c       |
        0   -2.38728e-04    2.45632e-03    4.39353e+00
        1   -2.12864e-04    1.97185e-03   -6.00287e+00
        2   -6.93304e-05    6.68965e-04   -5.66223e+00
        3    2.20910e-03   -2.83906e-03   -5.56350e+00
        4    5.76274e-04   -8.31129e-04    4.96055e+00
        5    1.13667e-02   -1.20793e-02    4.29104e+00
        6    2.90063e-04   -3.69213e-04    4.83981e+00
        7   -3.25864e-04    9.99857e-04   -7.48874e+00
        8    9.66019e-04   -1.41414e-03    5.25458e+00
        9    1.01930e-03   -1.52941e-03   -5.70152e+00
