|   plus  |  minus  |         a      |        b       |        c       |    crpix1    |    crpix2    |   xmin   |   xmax   |   ymin   |   ymax   |   xcenter   |   ycenter   |    npixel   |      rms       |      boxx      |      boxy      |    boxwidth    |   boxheight    |     boxang     |
         0         1      3.67240e-08      2.05366e-08      7.86420e-01       -3539.00       -2730.50       3539       3598       2730       2784       3569.43       2757.25          3137      2.55438e-05           3568.5           2757.5             54.0             59.0             90.0 
         0         4      8.88382e-03      1.26809e-02     -1.15980e+02       -3563.00       -3502.50       3563       3598       3502       3597       3581.20       3548.13          2651      1.22494e+00           3580.5           3550.0             95.0             35.0             90.0 
         0         5      2.35332e-03     -2.03633e-03     -4.02954e+01       -3539.00       -2730.50       3539       3598       2730       3556       3574.39       3076.89         29318      1.22991e+00           3568.5           3143.5            826.0             59.0             90.0 
         1         2      4.43473e-17      2.77014e-17      9.38721e-02       -3510.00       -1759.50       3510       3598       1759       1814       3554.07       1787.21          4530      1.19681e-15           3554.4           1787.1             88.8             54.0             -1.7 
         1         5      5.12478e-03      6.47901e-03     -7.42992e+01       -3534.00       -2531.50       3534       3598       2531       2784       3567.26       2655.36         12356      1.21621e+00           3566.0           2658.0            253.0             64.0             90.0 
         1         9      1.33444e-03     -1.32908e-03     -3.92749e+01       -3510.00       -1759.50       3510       3598       1759       2586       3561.44       2120.49         45921      1.35452e+00           3554.0           2173.0            827.0             88.0             90.0 
         2         3      4.79791e-09      3.06678e-09      1.34585e+00       -3480.00        -788.50       3480       3598        788        845       3539.44        816.88          6372      2.91997e-05           3539.6            817.0            118.6             54.0            178.2 
         2         8     -1.31827e-03      1.03330e-03     -3.41925e+01       -3480.00        -788.50       3480       3598        788       1616       3545.58       1186.02         70001      1.17608e+00           3539.0           1202.5            828.0            118.0             90.0 
         2         9      6.62257e-04      1.59484e-03     -4.30443e+01       -3504.00       -1561.50       3504       3598       1561       1814       3552.45       1687.68         18319      1.17843e+00           3551.0           1688.0            253.0             94.0             90.0 
         3         6      1.01967e-03     -1.38673e-03     -4.24217e+01       -3450.00         181.50       3450       3598       -181        647       3527.36        229.44         85737      1.21607e+00           3527.7            233.0            131.0            826.2            178.3 
         3         7     -8.44160e-16     -1.94126e-16      4.13232e+00       -3450.00         181.50       3450       3598       -181       -124       3524.52       -153.20          7399      3.59408e-14           3524.7           -153.2            148.3             54.0             -1.8 
         3         8     -6.87375e-04      5.28777e-03     -4.17466e+01       -3474.00        -590.50       3474       3598        590        845       3538.60        718.47         24224      1.17622e+00           3539.3            717.9            124.4            252.2            178.4 
         4         5      5.34630e-17      1.11459e-15      7.99133e-01       -3177.00       -3502.50       3177       3598       3502       3567       3387.66       3534.73         18358      1.76154e-14           3387.9           3534.8            421.8             54.0            178.4 
         5         9     -7.45007e-06     -1.10509e-04      2.29672e+00       -3150.00       -2531.50       3170       3526       2554       2578       3348.00       2566.50             5      1.25607e-15           3374.5           2564.5            448.6             54.0            178.4 
         6         7     -1.34918e-03      3.12577e-03      4.79400e+01       -3444.00         379.50       3444       3582       -379       -124       3512.83       -251.64         26163      1.20968e+00           3513.7           -252.0            252.2            132.4             88.3 
         6         8     -5.84530e-05     -2.54271e-03      1.70854e-01       -3097.00        -590.50       3132       3567        619        629       3349.50        624.50             6      2.42900e-15           3347.9            624.1            501.8             54.0            178.4 
         8         9      3.81166e-10      9.87066e-10     -7.62595e-01       -3123.00       -1561.50       3123       3598       1561       1627       3360.92       1594.24         25586      2.80617e-05           3361.2           1594.2            475.3             54.0            178.4 
