|   plus  |  minus  |         a      |        b       |        c       |    crpix1    |    crpix2    |   xmin   |   xmax   |   ymin   |   ymax   |   xcenter   |   ycenter   |    npixel   |      rms       |      boxx      |      boxy      |    boxwidth    |   boxheight    |     boxang     |
         0         1     -5.87980e-04      5.84946e-04      1.23660e+01       -3453.00         181.50       3453       3598       -181        646       3528.54        228.12         84103      1.25654e+00           3529.1            233.0            826.2            129.3             88.2 
         0         6     -2.91429e-09     -9.72649e-09     -4.96302e-01       -3100.00        -590.50       3100       3598        590        657       3349.19        624.04         26908      2.87994e-05           3349.3            624.0            499.1             54.0            178.4 
         0         7     -5.54209e-04      1.49870e-03      1.41475e+01       -3447.00         379.50       3447       3582       -379       -124       3514.44       -251.77         26054      1.27827e+00           3514.5           -251.9            252.2            128.6             88.4 
         1         2     -2.07002e-10     -1.00751e-08      3.62465e-01       -3483.00        -788.50       3483       3598        788        845       3540.89        816.84          6216      3.04974e-05           3541.1            816.9            115.6             54.0            178.2 
         1         6      2.28786e-03      2.08324e-03     -2.05380e+01       -3477.00        -590.50       3477       3598        590        845       3539.79        718.06         24287      1.26962e+00           3540.7            717.9            121.6            252.2            178.4 
         1         7     -3.91303e-10      2.70445e-09      1.73412e+00       -3453.00         181.50       3453       3598       -181       -124       3525.82       -153.25          7785      2.66503e-05           3526.2           -153.2            145.3             54.0             -1.8 
         2         4     -7.65529e-04      1.74502e-03     -1.06749e+01       -3507.00       -1561.50       3507       3598       1561       1814       3554.03       1686.06         18092      1.24430e+00           3552.5           1688.0            253.0             91.0             90.0 
         2         6     -1.50911e-04      1.04398e-03     -1.12275e+01       -3483.00        -788.50       3483       3598        788       1616       3546.64       1187.61         69316      1.22311e+00           3540.5           1202.5            828.0            115.0             90.0 
         2         9      2.08302e-17     -4.38831e-17      2.12280e-01       -3513.00       -1759.50       3513       3598       1759       1814       3555.22       1787.18          3856      8.62467e-16           3555.9           1787.1             85.8             54.0             -1.7 
         3         5      1.39799e-03      1.04272e-02     -5.18787e+01       -3566.00       -3502.50       3566       3598       3502       3597       3582.95       3548.77          2367      1.11909e+00           3582.0           3550.0             95.0             32.0             90.0 
         3         8      3.09725e-03     -1.68933e-03     -1.65665e+01       -3542.00       -2730.50       3542       3598       2730       3556       3575.95       3091.67         28680      1.25187e+00           3570.0           3143.5            826.0             56.0             90.0 
         3         9      2.93017e-08     -9.12213e-09      1.63082e-01       -3542.00       -2730.50       3542       3598       2730       2784       3570.64       2757.29          3007      2.58405e-05           3570.0           2757.5             54.0             56.0             90.0 
         4         6      1.68628e-09     -1.50031e-08      3.08835e-01       -3126.00       -1561.50       3126       3598       1561       1627       3362.40       1594.20         25481      2.89993e-05           3362.2           1594.2            473.2             54.0            178.4 
         4         8      5.00596e-18      1.39130e-16     -5.05249e-01       -3153.00       -2531.50       3153       3598       2531       2597       3375.90       2564.45         20750      2.17372e-15           3376.0           2564.4            445.6             54.0             -1.6 
         4         9     -8.47688e-04      1.95036e-03      9.49879e+00       -3513.00       -1759.50       3513       3598       1759       2586       3562.80       2130.92         46387      1.45912e+00           3555.5           2173.0            827.0             85.0             90.0 
         8         9     -8.22907e-03     -5.25998e-03      5.39896e+01       -3536.00       -2531.50       3536       3598       2531       2784       3568.26       2655.05         11851      1.25026e+00           3570.3           2658.3             62.1            252.2            178.5 
